game.Players.LocalPlayer.Character.HumanoidRootPart.CFrame = CFrame.new(-615.035706, 64.4516983, 356.972351, 0.702571809, 7.7804728e-08, 0.711612821, 3.27125371e-09, 1, -1.12565452e-07, -0.711612821, 8.14131838e-08, 0.702571809)

 wait(1)
 
 game.Players.LocalPlayer.Character.HumanoidRootPart.CFrame = CFrame.new(-396.659119, 62.2754288, 145.263168, -0.699536145, -1.58202806e-09, -0.714597225, -3.04250776e-08, 1, 2.75699552e-08, 0.714597225, 4.10278567e-08, -0.699536145)

 wait(1)
 
 game.Players.LocalPlayer.Character.HumanoidRootPart.CFrame = CFrame.new(-224.438232, 50.037117, 243.586212, 0.696742952, -4.51472815e-09, 0.717320859, 2.70964651e-09, 1, 3.66196051e-09, -0.717320859, -6.07759232e-10, 0.696742952)

 wait(1)
 
 game.Players.LocalPlayer.Character.HumanoidRootPart.CFrame = CFrame.new(-336.173218, 132.496414, 1032.23694, -0.333871126, 4.23356568e-08, -0.942618728, 2.25049117e-08, 1, 3.69416746e-08, 0.942618728, -8.8797929e-09, -0.333871126)

 wait(1)
 
 game.Players.LocalPlayer.Character.HumanoidRootPart.CFrame = CFrame.new(-347.644653, 90.7136154, 842.846008, -0.732052803, 9.90813689e-08, -0.68124789, 1.77986834e-08, 1, 1.26314958e-07, 0.68124789, 8.03439022e-08, -0.732052803)

 wait(1)
 
 game.Players.LocalPlayer.Character.HumanoidRootPart.CFrame = CFrame.new(-54.9493866, 135.554138, 813.799622, -0.0254230313, 7.78612659e-08, -0.999676764, -3.20236282e-08, 1, 7.87008361e-08, 0.999676764, 3.40140929e-08, -0.0254230313)

 wait(1)
 
 game.Players.LocalPlayer.Character.HumanoidRootPart.CFrame = CFrame.new(-522.004456, -103.043968, 753.664001, 0.0125639355, 5.45240724e-08, 0.999921083, 7.86466572e-08, 1, -5.55165656e-08, -0.999921083, 7.93379584e-08, 0.0125639355)

 wait(1)
 
 game.Players.LocalPlayer.Character.HumanoidRootPart.CFrame = CFrame.new(-756.918457, -23.7983341, -1773.7561, 0.00786934327, -5.70326968e-08, -0.999969065, 6.16629308e-08, 1, -5.65492009e-08, 0.999969065, -6.12160136e-08, 0.00786934327)

 wait(1)
 
 game.Players.LocalPlayer.Character.HumanoidRootPart.CFrame = CFrame.new(-120.837669, 136.944687, -1758.97253, 0.702445209, -4.84346385e-09, -0.711737812, 2.9554533e-08, 1, 2.23635404e-08, 0.711737812, -3.67442397e-08, 0.702445209)

 wait(1)
 
 game.Players.LocalPlayer.Character.HumanoidRootPart.CFrame = CFrame.new(85.6358795, 109.983536, -696.568787, -0.929292619, -5.71005003e-08, -0.369344383, -7.06714474e-08, 1, 2.3213973e-08, 0.369344383, 4.76746713e-08, -0.929292619)

 wait(1)
